2
10 10 10
10 10 5
2
0.404 0.0 1.0
-0.404 0.0 1.0
5
0 0 2
1 0 1
0 1 1
-1 0 1
0 -1 1
1
5 5 1
3
5 6 2
5 5 1
5 7 1
3
5 6 1.5
5 5 1
5 7 1
2
3 3 2
2 2 100
2
10 4 10
7 1 1.1
2
5 5 10
10 10 8
4
10 10 10
19.9 10  2
5 5 1
10 19 2
25
0 0 9
2 0 1
4 0 1
6 0 1
8 0 1 
-2 0 1
-4 0 1
-6 0 1
-8 0 1 
0 2 1
0 4 1
0 6 1
0 8 1
0 -2 1
0 -4 1
0 -6 1
0 -8 1
2 2 1
4 4 1
6 6 1
-2 2 1
-4 4 1
-6 6 1
2 -2 1
-2 -2 1
25
0 0 9
2 0 1
4 0 1
6 0 1
8 0 1 
-2 0 1
-4 0 1
-6 0 1
-8 0 1 
0 2 1
0 4 1
0 6 1
0 8 1
0 -2 1
0 -4 1
0 -6 1
0 -8 1
4 4 3
-4 4 3
4 -4 3
-4 -4 3
-2 8 1
2 8 1
8 2 1
8 -2 1
22
0 0 8.1
0 0 1
2 0 1
4 0 1
6 0 1
8 0 1 
-2 0 1
-4 0 1
-6 0 1
-8 0 1 
0 2 1
0 4 1
0 6 1
0 8 1
0 -2 1
0 -4 1
0 -6 1
0 -8 1
4 4 3
-4 4 3
4 -4 3
-4 -4 3
0
