1  1  1  1  1  1  1  1  1  1  1  1  1  1  1  1
1 -1  1 -1  1 -1  1 -1  1 -1  1 -1  1 -1  1 -1
1  1 -1 -1  1  1 -1 -1  1  1 -1 -1  1  1 -1 -1
1 -1 -1  1  1 -1 -1  1  1 -1 -1  1  1 -1 -1  1
1  1  1  1 -1 -1 -1 -1  1  1  1  1 -1 -1 -1 -1
1 -1  1 -1 -1  1 -1  1  1 -1  1 -1 -1  1 -1  1
1  1 -1 -1 -1 -1  1  1  1  1 -1 -1 -1 -1  1  1
1 -1 -1  1 -1  1  1 -1  1 -1 -1  1 -1  1  1 -1
1  1  1  1  1  1  1  1 -1 -1 -1 -1 -1 -1 -1 -1
1 -1  1 -1  1 -1  1 -1 -1  1 -1  1 -1  1 -1  1
1  1 -1 -1  1  1 -1 -1 -1 -1  1  1 -1 -1  1  1
1 -1 -1  1  1 -1 -1  1 -1  1  1 -1 -1  1  1 -1
1  1  1  1 -1 -1 -1 -1 -1 -1 -1 -1  1  1  1  1
1 -1  1 -1 -1  1 -1  1 -1  1 -1  1  1 -1 1  -1
1  1 -1 -1 -1 -1  1  1 -1 -1  1  1  1  1 -1 -1
1 -1 -1  1 -1  1  1 -1 -1  1  1 -1  1 -1 -1  1

s:
-1 1 -1 1 -1 -1 1 -1 1 1 -1 1 1 -1 1 -1

t:
1 1 -1 1 -1 -1 -1 -1 -1 -1 1 1 1 -1 1 1


s*P 
0 0 0 0 4 -12 4 4 -4 -4 -4 -4 0 0 0 0  (2 errors)

-1 1 -1  1  1   -1  1 -1 -1   1 -1  1  1 -1  1 -1 (row 6 reversed)
-1 1 -1  1 (-1) -1  1 -1 (1)  1 -1  1  1 -1  1 -1 (s)
row 21 is incorrect, so 21


t*P
0 0 -4 4 4 -4 0 0 -4 -4 8 0 8 0.000  4.000  4.000


