203
30
105
385
1001
2431
4199
7429
12673
20677
33263
47027
65231
82861
107113
146969
190747
241133
290177
347261
409457
478661
583573
716539
871933
1009091
1113121
1201289
1317919
1564259
1879981
2279269
2494633
2837407
3127361
3532343
3864241
4273697
4709233
5171489
5605027
6188209
6672203
7262011
7566179
8271833
9363547
10681031
11592209
12112039
12752323
13420567
14457349
15546187
16965341
18181979
19172437
20193023
21093827
22027871
23300239
25456133
27974761
29884301
30857731
32842151
35360399
38706809
40811711
42749359
44227723
46508809
49143869
51881689
54143561
56466073
59147839
61927633
65111573
68719771
72147191
76027969
78568283
81927497
84208541
87320173
90900499
94593973
97543451
99677881
103569859
108938491
114537043
119319383
123239527
127757473
133390067
138693847
147413303
154769821
164831339
171534277
178433279
182918137
187466723
193397129
200848507
208506509
213479407
218519393
223626691
229580147
234118799
240993413
250367549
260074853
266669461
271661713
278421569
284446147
293158127
301165481
311189143
319512181
330839053
343433219
357349471
370603517
383148629
393806449
402473441
412356827
422400701
432633827
443003213
452366557
467821919
484855747
507436351
522910903
538657279
547978913
558789841
564234809
575204137
593287943
613326619
627947039
635308669
650135009
666785731
682238471
690017701
710381447
732907699
759348563
777767161
799964687
819115093
834985999
849244031
872708797
894826021
917360989
932539661
951747481
971230541
996919243
1019050649
1041537223
1053924187
1072651369
1087388483
1106558897
1125878063
1145496461
1169751439
1185362993
1205664167
1235209189
1267745273
1296207281
1308131911
1322520163
1341880019
1366344559
1391119619
1416207439
1459314917
1498299287
1543420789
1570239569
1608372013
1641562837
1672403471
1700725291
1737977909
1772941421
1805418283
1829232539
1850275477
1871456063
1901911003
1945171367
