508
1222146744
1964283910
1923058584
635812412
1363608543
68006390
1921969443
1700104313
1339300602
147164221
1768797803
562499302
124529032
1615609800
672269648
1220854606
417618913
1085083034
741281276
1803067039
677545935
472603201
128100452
1263928653
464812675
429296644
1877654790
273810310
1246320854
902959882
721992572
425939894
1072830291
1651346792
648195473
488782752
163359529
723284127
1521372878
1123597182
904507585
1175442252
192346274
43296643
1389069409
1618323735
873397799
1866395547
790984301
1332163058
841796797
996491708
508542736
762335383
1565750695
226412788
68403944
1057930092
1544749490
1602833988
915796613
1215255814
1188209296
190794960
136077978
1961408984
1694371209
1514984680
1328926221
434630251
1251870896
980589535
360784508
198158360
1328263332
93388047
1020429417
1769099028
1225486467
1783265994
1057746136
1541638611
1376631002
1546518948
77252191
1309274763
1816300329
1336087638
1941575453
1556406358
108179685
1604811263
1521555984
1470789710
367997287
1330778927
1578427589
1793810015
596874487
1017511324
1842661601
1075768417
151480080
1899393049
789820423
1737820793
1734680981
379302992
1643799925
954735682
1387316611
1475358210
595804832
1326542797
145460158
1923479539
1089755275
1173644658
1012124700
1252151666
1183522930
1135086138
1753386614
1152274834
1666120689
1669466328
1846991164
712784150
925063532
64437716
433162072
68450516
511078926
883088085
322844122
1015224195
1570115025
432485111
342400943
262720858
1425268052
622033790
198025771
1413659947
1342129045
906869559
1072423678
353429564
293663585
1186549324
413204126
785205615
1502746505
1105682675
944678220
262789313
1414042546
1360334287
1668001227
285287482
458682117
1284370274
268005443
1846905533
1327063435
1812673882
48040
966649188
1791162981
1128441555
964806006
290422770
759102820
1187880074
1584369242
1106461163
1161765361
222700475
471261208
1200171501
32478676
127623420
1330267805
270983116
321498905
1449539359
857802034
917398330
1571837787
649669176
1971224522
1627091719
789878559
799621064
637351541
883429236
898576988
409471090
555418388
514761695
704155436
1944645399
507049900
1826722345
1447819995
966927296
574612222
332012900
824821578
119254390
893522352
1731675804
1439953537
1029186487
565329698
1830477280
226754497
1769241420
928217938
1785501058
103298434
1586698008
1180835439
386259230
359763907
1327069093
83188665
1621110584
15773035
1733289407
1204867125
1259357959
1699836819
19269337
232333125
1895304633
1831837674
1150372232
904490254
852516264
445447095
71351244
1294172604
1727324718
1734075006
1075594663
721044941
128899184
1345160361
287410334
1647912548
1290225983
106951103
1858300565
104059266
335741507
833851784
1715654078
1853495162
1892512863
218346429
1876477251
622713239
892512905
1410662349
1284900246
1605744240
979430539
1513926663
1663327382
1757883027
331991776
585022441
370424383
854903913
1617810097
524605674
1517400142
229865868
509119186
1267554247
471652556
1321036314
1228891145
1154904000
124085853
1210725530
1541342755
1484245491
104382550
1018143435
1102792391
1540231810
1030086767
595878284
1266361278
586621295
1852024735
1770394101
101115283
1591381603
714075337
1922060222
1512847186
1088486033
894568688
1811231069
1935637416
1279369467
745070859
177388878
1533176783
449981113
392423927
1894442753
856519236
1137471475
1125100130
655021907
1227342876
842341684
565098997
1226453937
63238984
288545881
327381241
1267082662
1106674962
1333291340
1812493108
776181858
423731893
482708944
1236284400
716077047
492655149
1452954950
1709694506
309429368
1917507631
69075859
298216339
556868244
58772261
73664976
1036940580
609722309
1041574436
1713163877
982143419
1982497268
1950302992
1497074268
844916401
1888936237
1548497104
1108983260
318042718
635472824
953920884
773873867
264152215
1135779245
1079047574
248627057
1887908558
1828898720
1137577635
405530491
573915852
64438787
1694582865
762196632
466210323
1780410696
641388730
206395331
6499325
45993035
1023745319
364262252
159742442
1952760711
1357270185
667645542
916578938
675826419
1299036155
145524718
13896538
1588556951
1229029426
1108216610
504438186
338023953
1127511180
46442495
757620055
1813659132
1197361243
1586453228
739503672
1661489699
1193630422
1460605392
1587253425
1160406964
1339611410
65470780
573038005
1179609491
678937649
903040398
1181758514
1541047839
620169865
300442287
133554956
71606501
798592202
1875054380
1590412213
1284070438
777357316
1290000197
926505700
250465760
296842594
629263326
166830412
1750949223
1894766249
128916745
740215589
1141440408
121509174
45432857
622027957
415931863
537780756
1590564229
1331101625
1866862819
1541290206
1986142204
892570184
917031265
732589353
1466496044
1920015628
1565100236
1001396285
505629046
930940330
817804320
1539515619
1358522459
94716143
264098920
909986878
536388024
551422721
540967286
1207610864
1855706972
1818031490
1899644828
1544937260
489289150
1596931805
25631259
1871306973
414351308
1395521264
110974334
169413404
51289127
893466724
300235124
775869020
1266884865
1346240071
1834403168
1118035249
1584081398
522460626
1947612108
1311335155
946313419
1509498047
1761061039
1253660578
1487868900
1776298455
167489777
1576302359
1652024923
1547806910
792558909
1389544033
276668807
1328236606
124360840
986272316
1241195368
1438681024
38255201
1528771961
