819
695176141
1067210820
1827470770
1975525560
1553817197
1603187790
1309637568
235921104
1790832465
1777422221
1068681994
744337326
1983931003
1622848847
937313899
1726748682
434255100
1647695783
1635232058
1841370859
1234612928
1199290800
515424781
165254910
43292111
1948629987
346129287
742068211
859150916
1226895502
1936126804
1567771803
675618779
1014398821
607812243
778349380
1573955127
906821732
1656471764
1982030860
1635882800
993836899
1277279649
1315500432
1091249970
1474525402
712037065
829215220
66812011
968683621
1262054835
1970432938
934615718
959597361
1588129811
139508156
131280089
1769968264
1967518166
465440587
243487560
1739543862
1330943717
543323942
768685071
749911815
1610181230
1959158067
1820596631
932709917
427263185
114011623
1740055531
1914668875
917808613
644185105
475695528
342278157
792832571
735027488
1118856373
1417973952
93083772
799486183
890496557
1978429704
1828971268
900904997
1440011793
121602522
1575323704
591468848
1312959410
1538931247
1048134234
1460429980
465703921
1518230358
740805194
1595310150
963841885
1406115292
1098479193
447464502
901615329
975530356
1944874849
477194791
656213706
860385811
1336861164
80465254
1526225884
769850486
510346363
1393875187
1683574245
878922188
288871699
991357185
1164972757
487782791
978919555
1550582327
1216842976
1528497306
1459539468
1955090312
629811369
215465993
336950142
883661207
1373299302
730006650
240386533
126824448
1421112043
1697851221
1321567346
69949301
118915287
1088973861
145016676
392732885
1663030693
54618516
161630775
1427072029
1810224823
1925515599
1766530309
1526242437
180191783
192130201
1803116916
1784670450
1148320167
236355109
901649764
132044486
1739373038
1343830263
1624145596
1572162524
1028591587
708982853
1218717384
1969209190
1455811956
1098762976
1520235994
278050972
401781114
313244665
1738888544
880134948
1959750429
687153418
1839151011
1708661686
732646340
555284799
25561016
1568273894
491616797
781404478
1732792381
698214970
1968296255
1325247025
1929098628
960184803
164500338
1053067481
49424455
1084283065
1164885322
976654526
487312327
1675167355
1805723004
321501504
502849024
1709995863
332305729
528708975
369103129
1811521084
701622694
1857501956
338852962
504331811
422504159
1159202602
819776862
1052123739
769267506
1049891562
1265585724
529761814
1432631161
1577386907
556647903
333043187
1832285481
1141292939
1154130975
800116415
505691916
750195104
1406840852
1604195995
277705536
1375447593
1469346714
1575751746
658447681
1341653522
358201422
1495240243
1122283395
742555597
676348474
317835207
1803850999
1931236959
234631928
1554072634
413444627
475325402
160697134
1050195124
85628749
1181002512
1949829896
1033966578
901611054
511140201
267554403
1704221391
1190437261
883566939
538375204
963177721
1609079170
1750208422
1692704831
1912218936
219450500
802038447
1897505154
944992670
1155018978
1936163198
769283916
1720848704
1625411846
1781800628
671629294
280913758
1844900778
1992192734
202310321
1128118432
1344893624
398158691
905498343
905038476
1653805506
837706670
1836486163
841983003
1823699262
344816278
1568267975
1475135061
1933040916
702049461
1784290823
237989390
94005489
1890369521
1381765324
955000600
116131537
1175733356
1417807526
1908423174
1692526848
1302701191
339775736
1977634162
1183379108
160727137
1920364401
1598339822
568205612
1206530836
522017674
1542498868
535418783
1731350610
42329202
716729041
340495294
944298855
1261800229
1852826644
1378841
1313898972
1456100406
1760046341
725083987
1808644219
1522441682
402121896
979549247
1382242260
605477397
997552263
1679402203
1320749991
1402146629
1820774607
1967497168
1091004567
199845498
309369462
832490510
429315571
574693949
1381888400
1037954551
1218725631
179606932
391377819
1392588130
493184205
1344855797
1829484300
1193293770
1925496041
1264265320
1877360962
1507327080
1434583833
586283223
456595062
358341658
764577186
477461521
1362477883
1400314319
38071482
1582995095
1124585815
1062319999
1022670577
1210394298
1673849659
664098433
1495170048
538656637
959092631
1368201769
446737363
1328502792
293626829
1078242803
1900913346
1004313208
532595299
935533016
1473945160
1768034718
809375570
1494551944
372904483
1672361323
1406326963
1857688345
1053952078
185680287
1739251081
1456962551
1974264244
1113257655
875831284
172879044
554438525
984177688
1879276188
1072805663
1857474780
994276118
1746645567
897784749
430853490
1292108770
983129803
779678136
1896485153
1570743700
1392952163
981583686
1561493734
1674279014
956907376
5333406
495645069
1234265953
1915842295
1166145965
675709632
1311856660
1563343099
1558587859
845361432
684137332
297660912
1470382079
1139727209
482469074
245496340
867732415
1003585933
1864348035
1703788196
1679948848
1530901691
1312217169
810918738
281984320
509861015
184155275
1420829044
491889550
1081208429
904213840
459538268
1986956298
1467466255
860393056
1514676639
1019453283
1254323100
608157717
1368446603
1663299867
548555783
1306724134
1401349199
1114952666
467619920
1761640986
199428058
1298815258
1343733194
246595903
785321846
219857627
1343771430
646749930
158968236
1343794182
101890413
965544369
447178205
1733607843
1900148016
417483838
1726615832
1364968983
125499271
1465772522
548804057
197017573
1136099485
1870384690
1251387207
1146419642
847474042
877352665
1204748465
284467159
911640498
197110262
1677229265
1603801355
336515326
932894760
713279743
1213212311
131148051
981810106
1245903251
553566657
821259341
221915582
1695349636
612351344
1658709409
899607253
1676760069
586575735
1356462682
575835431
1232148081
1608859088
1341093673
147893831
43761104
1128584645
1486764696
1034606233
1755743793
765206131
543253134
790319504
1749631415
1569186628
1961163107
921462435
103564460
1494343129
1687544118
234730200
44247488
567472939
1324596417
1349302752
831139728
471654551
1028087679
1536472035
49807792
45442441
507320083
1881972342
602074055
1259622427
576344306
900549266
490652518
1535179463
228781861
1815427519
1037316885
1407966066
721725125
424711508
1572781726
1230403959
1237589447
1837608400
1830572492
207089655
1720677409
1905480155
1798556467
1472668203
983149450
1361573424
1548443716
1783627714
670791158
1948331932
929068830
709628309
205633676
176218671
642867930
1951683613
1601081284
1348583828
1228085726
1795520865
107787158
177937748
569516315
1084448077
1714211208
1819133757
1335679643
592573359
1908404268
46589439
1029097037
183470931
1776960648
1078323214
1499317282
1626824228
176164205
1304342922
451388434
1670860782
1986514789
1485865724
1858231441
487045105
1202612212
1167845048
520137970
834739804
1049476939
298720577
397096077
510788820
72602478
136933648
731901061
1577295055
1293048832
576199515
1314486209
1280159410
1240457517
329097907
1555467028
21108532
160107021
514219753
1461502234
254361789
1083816673
1252304220
1252941632
1689197
1779406521
1905679934
1981995375
1156955785
1258378512
800799371
1438447534
919224160
1715395111
60656805
994108210
574708179
303148101
1604552864
931390833
317848634
151770720
1332868799
58673342
1283951448
1507435769
95512820
1203650921
1609298118
1724182036
657807372
1875718754
886770009
1204498618
1926956838
1312356361
1198610852
1275464578
1311914673
1646619635
147968769
865090264
1729473868
1541656782
1670004963
647357808
122173791
1817938695
1383764309
133610314
960322128
1584551729
1139038870
225712326
414936855
904832853
4695881
920117138
955492404
1357832952
497476146
17637163
535974512
1799865764
1637159398
1776145643
1346629236
1155347330
653856921
1603149603
837744700
370023871
623148477
775066349
665071230
226066133
846048088
1531571907
1817797662
520280264
221922715
590007406
644086204
678157777
1715094035
645025237
1347878183
333598863
1798175413
266592421
666190560
352041699
820387076
1627981939
1621927027
1690585164
1585232842
455637047
447373365
1969148194
586033390
1467743281
876643429
207259042
534891713
1091223355
1065485389
1088825534
822689065
1979616179
950542298
1006020275
1658166491
795076909
1491582072
443959674
1797554061
370392567
405152789
1887645621
1658658676
1358325995
843866494
464576503
21475845
694424736
831979358
1859143124
1611868015
730265233
1990209261
1983740451
41744897
1400331031
999642844
1065294935
1249428955
556164444
1545373919
1017145564
236502007
1835477982
229084680
1390357282
1013532187
403543583
603374897
1421419683
269216368
1006292787
786817695
575774297
1278604358
1762412832
909966733
78514350
1869420053
1440660857
1675084588
1346888070
766682157
568248154
380851006
1001027802
180466530
1388613045
1233479224
887224301
1698804450
1619669146
1211296783
779597435
1920950050
663474772
1563170864
