62
512737941
468396568
926908170
1870655684
1945662740
925111165
832147413
1367950083
1726780515
110628536
1252123773
654234321
961306684
371915688
695915840
391019634
1463698185
331188930
1244347462
1537679887
451116432
908489062
1122450252
1334342754
13954249
1678852052
292715990
59206557
1934490002
1416688597
1858780472
931587812
379614958
475507011
883712605
623951907
1212555706
817868272
84477464
1431031159
552496727
1619045475
1297405875
1609320142
1513776654
1861240548
1530610766
377495995
1785605185
503030546
1072571915
46031400
523756338
1365531127
308256004
1211393241
163254532
106452214
1610655761
1442464774
619895283
30042680
