59
8667564
1889504761
1787809211
1364486068
1179004195
1952889008
981613120
1956999
1153281873
1997691590
1959007889
641290898
1990650025
1581083778
1298218390
105603611
887861527
1593371411
1723437751
1987531837
658830201
529584325
258571587
232853220
543216791
1009612513
341987582
107795900
1766421107
985978372
649816635
500522766
1623119846
36722670
1794116908
1748253475
1223871407
820089167
1463705662
691924788
1579705227
1581718966
1508997109
298515924
1344587138
1329248964
1805426382
1621295928
658929190
629604337
419921509
1446325903
1694508610
1798370686
137319688
1247530314
1107782044
818601589
1603503353
