374
505785097
564796502
1322222037
1631897090
896586753
1768769438
1305581760
395880648
780136206
562196146
713335240
1826802970
582261449
388978029
1917704919
173333247
421781549
238999966
1510315888
653341857
515104620
814086145
1280837251
268970783
1708034617
419064132
1593828409
1412011078
150112276
460424362
476192781
1105454340
1405465387
693099165
1888211252
891432035
442924322
1457329448
1039734319
360767958
1708062950
94653081
573835546
930253972
1822496905
703919742
993988908
47168501
1039389361
409682295
1987135178
983430068
640347024
1699764878
580861418
1456515563
1411380264
1327301598
1984019458
714771946
1410799651
675706435
557796422
972394177
527147607
1404692432
1243212843
1637845409
1623285045
836132324
1200724481
848761267
1226031963
1633382199
1224939851
1320348254
1003920911
931606416
631094770
831750725
998324775
1596827538
883110839
1796744955
1284608273
374822448
546569445
1353065797
1226052764
478757196
881646486
1888617631
973822549
111402049
503034272
1313914439
1128313486
1033977204
366640734
153484432
163819645
1914172880
1269991438
1818031602
1698948507
1613796511
1509870781
193390294
1200786041
1238060381
1415061881
1672447534
184412931
1423113225
126592467
231357644
449619827
1094001485
1688427085
1449493725
510165307
1860954576
661392698
1411873576
513288192
1976539373
826211890
1513699754
1733413289
1615223531
395837475
415753902
288502187
1264678984
158859378
1706332434
552203140
1134570942
1720866187
523348174
1650423297
1617882852
975223478
1225681969
441414698
1368451567
1765726210
1351312515
191155698
1513443332
1163559134
1253166417
1989538224
1020122339
1745022011
1202349057
1806356838
1881631539
1401948940
201061720
673310739
1777534478
1838026209
902056350
1890277103
825844776
557227549
582213382
967308772
848794782
546344484
933429234
783178336
1327107221
1807484430
1809860554
664630791
979094498
1078665836
563281620
627026926
734360210
507702222
1876910084
647609333
746902110
1358626347
1315302888
630113143
1097896354
528771632
1541980886
1266218204
1131057909
1217984200
1257882845
722001891
1005535320
1894901940
1302064483
1221180110
282107072
1051427446
1876858083
695792489
1257726940
212238612
133099402
1475423242
696963689
768827410
448899104
486181848
521647327
1943401805
375904635
110039402
1290481553
1735442931
243208130
835073363
1234349874
1740337919
771339670
1343147524
640107925
912087039
548879416
1178547131
698129863
1864569721
664534178
1498339559
1286622376
235365013
887398984
209316934
1426109752
178775899
578487721
1660098564
1803617642
1778077392
1795342752
1714380667
126125224
1573992136
1289572902
510148724
1142693943
1466526682
1446551906
811638036
52101819
1523544715
130115677
1190682352
1642021647
702262914
1353007221
15662745
947099848
1917421032
1580555820
1982107591
473172247
1514327923
1758569689
406058185
1482392850
242042835
972881832
1707943676
467991933
949594812
1125138334
1228247300
877762241
439823367
430910225
388489780
1029572015
1063293943
145512045
1545126731
869891362
954886951
478330343
1201631777
1233879989
1726838220
44822093
1595054394
183918978
423039450
1104440994
1067629608
1449511343
473960760
483650406
728780461
248780722
357994701
976210644
1125032704
725766985
1406453265
495912631
578706492
391021195
1617277172
530667307
1112392956
1649575980
1913176426
113627835
1446696165
1537256561
354749412
1680246540
1036487200
1049909784
199569170
1098355276
1124402986
1072104566
1548007496
535686643
1346142842
115944588
690406390
229165144
1224063152
1964385375
1699448027
99331509
1045703612
527625384
270978104
1914257067
1045143427
1378931772
301980719
1965227513
1327719223
781802400
920672497
718900721
300917158
768683841
567469714
1935337147
1017277735
326162617
1466156329
1482169149
301781123
252030902
1500521424
280341207
70289959
1658232914
283012891
211236718
90914287
1140831388
1008295610
1032507723
1865981545
1741693451
1816462528
1401602913
334994882
102968707
