146
684502228
1131212987
1700963067
1030705017
1175956219
1576048948
1368472609
783752445
731093688
610062520
1880440612
904130976
607559544
1903226783
799024949
349929313
59234721
1509289996
1370187871
1680624174
1327287468
448484807
108980004
526147579
13241316
509822758
1905252498
907364441
1750908837
1101308589
937726380
1337315800
1096237587
319578262
1511966184
704404662
1717211445
723818540
327457744
1852910805
473036288
575788476
793258220
374231901
193760566
1429591251
944386602
1922560887
891421283
580478351
455063965
420265828
926461944
482887669
937859501
1448792769
222079677
1625645586
433841833
1868369638
1879155139
770673886
162377345
1463375491
131808103
1811495855
976116227
1375230624
779015172
747596751
126993945
764021859
942637679
1838017953
406792510
1271217389
1062867026
393183277
337291136
1678367960
1888739383
499204508
1339114829
599367238
57838294
1891960123
488732745
1051041729
366338587
111742229
1510716152
1663178793
537012220
305857077
801778018
1483831012
1746484064
1458025987
1392020463
1386694270
445809933
1379734135
658588534
1003854829
735618627
383473793
1896794391
489767695
1732171299
1891281449
675993976
327989537
761411668
1895712703
1875278883
1900092537
1031732352
233586933
780997713
923525181
1154707399
1437168566
1451595391
1647278684
1790415780
560136332
30144816
79445327
1400432410
12170548
732961736
1828535137
1534894374
696409639
1662214158
910282397
877448023
1729956480
1294297288
1808403511
27789299
1569017156
786423377
1058295653
1015622489
1785883631
