263
1639990533
158323233
1882782639
232276171
91890984
1456274323
1830286048
1492124331
960781203
166254143
1435987668
1855109798
740532890
1647417685
386752345
1752744486
1263448233
1039285310
1655586345
304523292
889024961
318430088
1854736768
929751209
1928911490
131121990
280554782
661509439
1097202089
788801511
436237986
308202777
224162306
878831045
794787725
1344251254
4635939
361776338
941765559
1283393841
360807026
648594347
383122835
814620284
1545084735
901194126
1998871768
1673794127
347701786
508860041
684645978
1154195559
1760098922
769502280
456206812
798726801
882674065
1207412050
1062481074
1620923867
132231906
1515565582
1715487247
1919265583
1301971393
282436575
1679948019
1817641930
379876092
1807890197
1796789667
1096305580
243303828
1247605448
395834288
1529806587
874314105
205102993
684607801
556163078
1136383107
430343605
128082412
749913279
80344569
1643394812
1042721469
631584403
1951391628
22431587
827678821
290439911
1949518323
1507295851
16527742
1778452036
535907727
1547044159
1082269397
227463452
1388458906
1369243023
1959479903
496234356
1555294967
1150212260
1541486556
1428292314
1400892627
23671830
71924857
1574400362
1455095711
471958176
60985006
64976210
1796060586
1658260828
1195760663
264307257
1517385426
422020804
628872453
1478548530
1860615764
1542942332
244662364
386857384
1592521171
1501033791
136467342
1334398288
496936912
1401881484
539396809
693409040
406097743
169061148
353454700
1526459331
234160847
1942111685
1285928824
1992783300
481421035
1047538245
1827630417
61241048
1652170540
1719731481
232305444
105425708
1659314949
1331290417
1069326393
1720202255
1334473961
214076397
1088360744
1659663590
1653581755
565545011
1481917153
886936390
1903900430
1112885199
1478715083
442462035
1520558100
1176211335
837610904
995922150
1609750698
455055333
650707763
1955674481
848387067
1477411489
1562024017
998022188
737113029
1159463358
379299462
1192358646
652270386
1611197716
710787273
1697392194
434377408
237146595
854241029
838000497
410170124
1123589856
1769263570
679111493
350462452
1828467137
425535258
1005430655
1093470400
1559304468
1215520254
1633083576
955181427
589805616
1250536596
1438032946
1648967705
373025775
1058213779
194189730
1516929112
804176778
198462483
1167797054
1924298520
1372366693
1060721177
731759119
1348170443
1413725912
345404926
511600087
523800078
1177592762
341367980
126197923
1341063145
1689163465
1815015310
869036660
163574147
1289098143
1700763537
661424534
1961568342
775857186
878551834
975590222
1062842511
555833045
1231316252
424281972
1596635889
1009810773
1774546794
1344223790
946105882
1910230480
1223849800
23104860
732231551
1913588537
1522199955
819853281
1139668494
1334714847
1198941771
199596787
945846210
1191816976
322599428
