129
1368173550
1715837046
1151473195
1914149871
471340619
17676902
413041032
1116881479
1408599677
1360132087
298116981
63617987
223747262
1514873229
386518026
1348380359
530148748
42204938
492414123
1422632294
413113285
1688154487
735652466
1289800053
1733562835
926899118
1245041975
884962060
251627636
186821209
986092410
864792486
201322874
1004173559
377898513
846007396
415804901
532903622
1759768645
1305697003
912405863
338146272
317444420
279863363
220612044
149563024
1471815435
339648710
785030574
660241874
1156510691
1932084688
779745576
1638874714
683096734
1224515719
1518593340
266684309
1684808090
313098120
1801231085
1039230298
1647293224
401609368
310197940
589242286
144423693
904393659
124609014
1981338417
340260149
521421335
180030210
1396971088
1968108481
18073798
1110569845
1606509423
746876680
1599957601
1684332629
1692032258
1725249967
1374490128
382101768
1233079535
925175849
386283305
1230477312
1491472925
1314261509
1765352860
1973270722
1257784890
1505078330
1390702327
1553287789
730169105
275441593
442813347
1834772164
637416631
439888177
1668351443
309775464
1938251292
1050571758
983962688
1310347953
452975394
876561737
228351214
54628021
411899982
694673980
1108234664
912121296
377648098
509457019
476741187
1907224112
1362752443
1894196503
170745108
76587760
1847276834
429671794
1833617247
1698595171
