556
1334826694
1252709848
270450458
1405214451
1845103126
56591060
1471116226
868145619
1429854641
709938483
1329720941
1780443455
491577035
775873527
37558817
989880369
65887442
404544672
1515399047
1378803040
1807495997
996112374
1198421943
658926587
1115103512
184996296
575497822
936640495
1532117964
849186053
1397292060
1099609871
1322183449
51328917
852930754
1856530520
324200272
1460167120
159164559
1239470024
1247668345
636392949
1351893351
1537474113
151335271
51526942
389813382
379657465
990938850
1539588377
561857305
1211636770
1075685597
705347284
1399496118
1458730930
1764242252
1404127871
311514721
769733034
1254334414
1276088533
781632782
974107671
1884601466
1057798397
1298256300
13567214
366177940
156731571
809204072
1244796189
315102869
32711215
33254282
1519657235
887236979
333433859
738268960
1236635712
682503414
768278648
137074885
1017421690
327665628
560338612
1589187093
295142905
801383538
1946690310
1492758497
122004148
932632136
930377065
1419208055
1531577767
674662418
849522747
842624304
588220627
421938681
728051173
473460447
199831498
689596849
755227791
234451631
863540241
284765309
956443050
690162440
985618110
1768741842
231799767
1305160763
536920870
1970491615
476184809
1167698611
19042487
447767554
1844363983
799468379
521440295
171273329
582159271
461721667
585312382
943106297
1055005671
222405318
162904495
1101462768
1483090058
617867175
485633589
994827904
267562485
471710047
330916075
347986515
959319983
167401477
1766629439
750788176
522048465
634009655
402634767
1066973418
1072370527
720225681
814872464
745354980
1984366428
1820258705
1000028383
970532014
127509942
1689910883
881549095
142103402
1582473641
1811143323
340211210
1602475688
1986305049
1923888984
1377713170
526057965
510433948
1694958433
1189303321
1285485760
637316878
681877314
1035405705
1894186580
1783391087
1568310126
218836687
362997844
1892544517
1259326623
1276700275
1938657785
1301626198
201145853
334131440
1444949365
221143513
486530585
371110833
397936438
792778103
1899166022
1577091101
1442377207
1432480970
712457090
1260910221
1013836906
439420139
185631664
1588802769
1635712364
1873339070
1458787807
1521836557
225389047
3413190
1431464932
1324821341
770994911
1971023589
584365092
148456329
729525072
657948665
170004774
617326036
16575424
1751764482
1724162269
667204832
348282832
1651591756
1307229776
1110312047
1628101081
1710701236
82294482
1169127929
1193298188
1617669126
968935860
992056105
1016963336
1583223426
1713765608
1107977266
934741226
54190312
52035071
490984731
1965181852
618221253
1077510981
185311606
1291932531
447549227
76906032
1828884505
926296992
1986209684
950312336
1179089410
1213359937
585429266
601733471
957132484
645089847
28374161
228110350
1425190578
435991289
1444811257
220192160
163150430
1756516120
1775776901
1806212058
884805062
665833980
1544623747
1205241742
1363314229
921592052
821698509
523319934
585861766
47135317
1974593017
743254075
379228716
1185868571
413560380
608142847
363435370
415591850
1522852078
1374060282
966319416
752544440
432857904
123787034
952027832
921926075
86745193
1679511358
839977052
1207930935
1760784467
831054351
1213663746
207693864
1715217186
999716402
640293760
1307679007
1440184010
1638571413
118496907
1603612770
944281536
1282376000
437646077
1026864043
1896384133
398751116
171553214
843190016
955026076
1989060969
241890965
868772692
180409755
215162001
1925561406
1425651195
808912252
1311325151
920396166
1503835492
1497634184
901170276
1416102338
1137240524
265482633
1508208557
1292966245
534623806
1915208621
394463192
309363435
1559769047
796441111
31049914
573149492
625050180
697893209
1428013425
273400961
1557505307
1607214507
1430203535
1897745030
1226459958
651740159
71997504
1706688973
1008157873
523007522
132713063
1403709011
939380758
569349700
672264064
1989179347
1884438620
1218036981
973370161
1396649359
1912026528
1024193025
343879866
1184812036
741624845
1499666667
979997933
1849487195
639400753
1233571281
209906028
1822937552
1239659612
59470710
1437949816
271046806
1203460136
829278863
1916997281
1758283811
393128768
188616521
1090634034
1007294035
516467342
311910316
417261750
827281811
1949177621
398790669
77041088
840031714
801579559
1044758129
1654531487
449027573
1474934140
1276833689
396059410
701109597
1683854651
1084307959
1481529231
38353339
997064517
1823906288
1747438708
363715758
1868086292
570076696
1816426017
370363201
1375752704
1186457731
1332005912
1678849262
882217220
302831453
323990785
354179885
100656346
345611518
219999338
600643740
125287536
1498446009
344274031
1067326870
704788034
1849104509
922873772
1168224417
1027172475
1283211452
857927392
1671297744
1245367784
1985483877
1597568327
1079576365
633035707
341740497
1197120980
1515970933
784775029
584309890
491604132
1992449050
1570031483
1834143562
1716799919
1383781215
1185468512
1464088166
936599388
865794088
846176450
542009698
210483179
1021768049
1413318696
965982368
782565148
1161794898
1432505069
890893828
979839205
1252444854
1659122489
1515003822
1495994210
591661955
1361689196
1461641624
895266684
333121603
1179012438
1800389809
830316051
285117790
647232769
1232874419
1570086751
814271640
147749007
915013220
1379497960
1441056938
1021745720
415898665
1151952370
759462212
1686420014
1146085395
631147184
105926840
219360563
1472454981
1754613301
1001196122
1046661918
1832087958
614534767
946057268
239322397
1381177698
1241201873
1458642374
430147962
1942762172
284824296
1311650511
91642480
1717400639
93630988
1196423627
8600228
1008128352
1207538558
96555513
1819568174
1237493066
1619061459
1098807383
502221760
1848864365
984610338
155172909
592315893
57997167
1603049788
857672631
1000966031
277027307
1511066795
365995417
61796177
442982797
252636320
1738765343
184234603
1021450276
366779319
969280130
