0011
0023
..23
4556
4778

..11
0023
0023
4556
4778

11..
0023
0023
4556
4778

112.
0023
00.3
4556
4778

1123
0023
00..
4556
4778

1123
0023
006.
455.
4778

112.
002.
0063
4553
4778

11.2
00.2
0063
4553
4778

1162
00.2
00.3
4553
4778

1162
.002
.003
4553
4778

1162
4002
4003
.553
.778

1162
4002
4003
55.3
.778

1162
4002
4003
55.3
77.8

1162
4002
4003
5583
77..

1162
4002
4003
5583
..77

1162
4002
4003
..83
5577

1162
4002
4003
8..3
5577

1162
4..2
4003
8003
5577

11.2
46.2
4003
8003
5577

112.
462.
4003
8003
5577

1123
4623
400.
800.
5577

1123
4623
4.00
8.00
5577

1123
4623
4800
..00
5577

1123
.623
4800
4.00
5577

1123
6.23
4800
4.00
5577

1123
6823
4.00
4.00
5577

1123
6823
400.
400.
5577

112.
682.
4003
4003
5577

11.2
68.2
4003
4003
5577

.112
68.2
4003
4003
5577

.112
6.82
4003
4003
5577

.112
.682
4003
4003
5577

4112
4682
.003
.003
5577

4112
4682
00.3
00.3
5577

4112
4682
003.
003.
5577

411.
4682
0032
003.
5577

4.11
4682
0032
003.
5577

4611
4.82
0032
003.
5577

4611
48.2
0032
003.
5577

4611
4832
0032
00..
5577

4611
4832
0032
0077
55..

4611
4832
0032
0077
..55

4611
4832
..32
0077
0055

.611
4832
4.32
0077
0055

.611
4.32
4832
0077
0055

..11
4632
4832
0077
0055

11..
4632
4832
0077
0055

11.2
4632
483.
0077
0055

1132
4632
48..
0077
0055

1132
4632
4..8
0077
0055

11.2
4632
4.38
0077
0055

.112
4632
4.38
0077
0055

4112
4632
..38
0077
0055

4112
4.32
6.38
0077
0055

4112
43.2
63.8
0077
0055

4112
4382
63..
0077
0055

411.
4382
63.2
0077
0055

4.11
4382
63.2
0077
0055

4311
4382
6..2
0077
0055

4311
4382
..62
0077
0055

4311
4382
0062
0077
..55

4311
4382
0062
0077
55..

4311
4382
0062
00..
5577

4311
4382
00.2
00.6
5577

4311
4382
.002
.006
5577

.311
.382
4002
4006
5577

3.11
3.82
4002
4006
5577

3811
3..2
4002
4006
5577

3811
3002
4002
4..6
5577

3811
3002
4002
46..
5577

3811
3002
4002
4677
55..

3811
3002
4002
4677
..55

3811
3002
4002
4.77
6.55

3811
3002
4002
4.77
655.

3811
3002
4002
477.
655.

3811
300.
400.
4772
6552

3811
3.00
4.00
4772
6552

3.11
3.00
4800
4772
6552

.311
.300
4800
4772
6552

4311
4300
.800
.772
6552

4311
4300
..00
8772
6552

4.11
4300
.300
8772
6552

..11
4300
4300
8772
6552

11..
4300
4300
8772
6552

1100
4300
43..
8772
6552

84
