7
7
0
3
5
2
2
6
3
3
6
3
3
6
3
3
3
2
2
3
0
0
3
0
0
3
2
2
3
0
0
3
0
0
6
3
3
6
3
3
6
3
3
3
2
2
3
0
0
3
0
0
3
2
2
3
0
0
3
0
0
8
6
5
8
6
5
8
6
5
7
5
4
6
5
4
6
5
3
7
5
4
5
5
4
5
5
2
6
6
5
6
6
3
6
6
3
6
5
4
6
5
3
6
5
3
5
5
4
5
5
2
5
5
2
6
6
5
6
6
3
6
6
3
6
3
3
6
3
3
6
3
3
5
3
2
3
3
2
3
3
0
8
8
7
8
8
6
8
8
6
8
7
5
8
6
5
8
6
5
7
7
5
7
5
5
6
5
5
8
6
6
8
6
6
8
6
6
7
6
5
6
6
5
6
6
5
7
5
5
6
5
5
6
5
5
8
6
6
6
6
6
6
6
6
6
6
5
6
6
3
6
6
3
6
5
4
6
5
3
6
5
3
10
8
8
8
8
8
8
8
8
8
8
7
8
8
6
8
8
6
8
7
7
8
7
5
8
6
5
8
8
7
8
8
6
8
8
6
8
7
6
8
6
6
8
6
6
7
7
5
7
6
5
6
6
5
8
8
6
8
6
6
8
6
6
8
6
6
6
6
6
6
6
6
7
6
5
6
6
5
6
6
5
10
10
8
10
8
8
8
8
8
10
8
8
8
8
8
8
8
8
8
8
7
8
8
7
8
8
6
10
8
8
8
8
8
8
8
8
8
8
7
8
8
6
8
8
6
8
7
7
8
7
6
8
6
6
8
8
8
8
8
6
8
8
6
8
8
6
8
6
6
8
6
6
8
7
6
7
6
6
6
6
6
45
0
41
41
7550
7574
9425
9277
9402
8971
9771
7098
7172
11371
9595
6538
9849
10943
10578
10800
9667
9832
10083
6326
7480
6723
8025
6815
9964
9477
5665
9824
9737
8319
8182
8229
5301
6954
10148
6527
8293
9862
6818
9224
5960
8415
5385
5076
8734
5861
5598
5794
7704
5972
9880
6295
5752
10011
6723
7451
6357
10254
8567
5448
20000
9994
