Generating Matrix:
-------------------
0 0 0 0 0 0 0 0 1 1 1 1 1 1 1 1
0 0 0 0 1 1 1 1 0 0 0 0 1 1 1 1
0 0 1 1 0 0 1 1 0 0 1 1 0 0 1 1
0 1 0 1 0 1 0 1 0 1 0 1 0 1 0 1


11 in binary:
-----------------
1011


x* . G:
-------------------
0 1 1 2 0 1 1 2 1 2 2 3 1 2 2 3


mod 2:
-----------
0 1 1 0 0 1 1 0 1 0 0 1 1 0 0 1


-1 ^ x:
---------------
1 -1 -1 1 1 -1 -1 1 -1 1 1 -1 -1 1 1 -1

Final answer (since highest order bit is 0)

---------------------------------------------------------------------------


u:
--------
1 -1 -1 1 1 1 -1 1 -1 1 1 1 -1 -1 1 -1


p:

1  1  1  1  1  1  1  1  1  1  1  1  1  1  1  1
1 -1  1 -1  1 -1  1 -1  1 -1  1 -1  1 -1  1 -1
1  1 -1 -1  1  1 -1 -1  1  1 -1 -1  1  1 -1 -1
1 -1 -1  1  1 -1 -1  1  1 -1 -1  1  1 -1 -1  1
1  1  1  1 -1 -1 -1 -1  1  1  1  1 -1 -1 -1 -1
1 -1  1 -1 -1  1 -1  1  1 -1  1 -1 -1  1 -1  1
1  1 -1 -1 -1 -1  1  1  1  1 -1 -1 -1 -1  1  1
1 -1 -1  1 -1  1  1 -1  1 -1 -1  1 -1  1  1 -1
1  1  1  1  1  1  1  1 -1 -1 -1 -1 -1 -1 -1 -1
1 -1  1 -1  1 -1  1 -1 -1  1 -1  1 -1  1 -1  1
1  1 -1 -1  1  1 -1 -1 -1 -1  1  1 -1 -1  1  1
1 -1 -1  1  1 -1 -1  1 -1  1  1 -1 -1  1  1 -1
1  1  1  1 -1 -1 -1 -1 -1 -1 -1 -1  1  1  1  1
1 -1  1 -1 -1  1 -1  1 -1  1 -1  1  1 -1 1  -1
1  1 -1 -1 -1 -1  1  1 -1 -1  1  1  1  1 -1 -1
1 -1 -1  1 -1  1  1 -1 -1  1  1 -1  1 -1 -1  1


u . p:
-------------
2 -2 -2  2  2 -2 -2  2  2 -2  6 10 -6  6 -2  2 


notes:
----------

- all bits from -6 to 6 except for bit 11
- this means decodes to 11


u:  1 -1 -1 1 1   1  -1 1 -1 1 1   1  -1 -1  1 -1
11: 1 -1 -1 1 1 (-1) -1 1 -1 1 1 (-1) -1 (1) 1 -1

